0 0.557988 0.674084 0.135307 0.141167
0 0.600757 0.496038 0.107274 0.063193
0 0.595109 0.429145 0.096038 0.057889
0 0.836164 0.821916 0.327672 0.179737
0 0.786402 0.276804 0.167227 0.089792
0 0.745976 0.707250 0.271568 0.243553
0 0.543614 0.799605 0.160493 0.131856
0 0.784427 0.510762 0.253022 0.184032
0 0.948963 0.366142 0.102073 0.156690
0 0.799178 0.387591 0.165085 0.097666
0 0.706771 0.458725 0.134993 0.057558
0 0.950563 0.577911 0.098874 0.279307
0 0.607934 0.542085 0.080536 0.045186
0 0.804972 0.223862 0.122306 0.065663
0 0.533479 0.857089 0.148879 0.099841
0 0.692524 0.365302 0.121324 0.091452
0 0.528776 0.541146 0.078043 0.046808
0 0.811403 0.331476 0.145271 0.080591
0 0.542178 0.610070 0.143005 0.104566
0 0.440907 0.729957 0.132957 0.143936
0 0.977607 0.640803 0.044786 0.193593
0 0.594513 0.379001 0.085159 0.044141
0 0.525401 0.464382 0.111088 0.073463
0 0.938853 0.231329 0.122293 0.128635
0 0.801341 0.188238 0.126800 0.084593
0 0.691839 0.503604 0.088525 0.052861
0 0.951394 0.408017 0.097212 0.106393
0 0.333339 0.578468 0.113928 0.098721
