0 0.543301 0.563190 0.236743 0.118286
0 0.306665 0.884850 0.240421 0.117261
0 0.104866 0.740316 0.209732 0.123324
0 0.101007 0.105573 0.202014 0.120880
0 0.942780 0.247376 0.114440 0.125321
0 0.301333 0.953843 0.234906 0.092314
0 0.538163 0.478434 0.248336 0.112113
0 0.731541 0.109550 0.244694 0.126925
0 0.301457 0.260694 0.264184 0.100122
0 0.305279 0.171032 0.249748 0.118975
0 0.096388 0.289538 0.192776 0.112912
0 0.101313 0.389246 0.202626 0.108415
0 0.535486 0.179969 0.250277 0.140442
0 0.312560 0.631678 0.239850 0.119129
0 0.315981 0.068145 0.235022 0.136288
0 0.313345 0.729071 0.242818 0.117253
0 0.312146 0.452664 0.245847 0.110740
0 0.310262 0.796396 0.239220 0.103242
0 0.310951 0.357878 0.242388 0.115973
0 0.532560 0.811885 0.239960 0.107640
0 0.101097 0.481734 0.199931 0.107534
0 0.100408 0.202625 0.200817 0.098592
0 0.943781 0.052514 0.112438 0.105029
0 0.313232 0.538764 0.252254 0.096117
0 0.100065 0.866268 0.200129 0.169388
0 0.942320 0.146912 0.115361 0.117706
0 0.537065 0.335615 0.249555 0.188747
0 0.110632 0.567363 0.216050 0.113970
0 0.770603 0.284729 0.224262 0.118613
0 0.941685 0.344818 0.116630 0.111107
0 0.740275 0.557229 0.170501 0.120315
0 0.755551 0.202367 0.219828 0.094968
0 0.952211 0.437787 0.095578 0.111847
0 0.745676 0.380397 0.177415 0.116165
0 0.740231 0.461788 0.176510 0.105713
0 0.948785 0.567736 0.102431 0.166534
0 0.103387 0.031777 0.204582 0.063554
0 0.757571 0.729864 0.328210 0.271437
0 0.962645 0.816954 0.074710 0.216518
0 0.531282 0.135798 0.237590 0.115089
0 0.111196 0.624345 0.222392 0.162391
0 0.939220 0.401811 0.121561 0.170489
0 0.867376 0.383703 0.097270 0.109858
0 0.631649 0.050253 0.097583 0.100507
0 0.524688 0.101512 0.215375 0.105601
0 0.506560 0.652949 0.166166 0.102883
0 0.868069 0.478619 0.110987 0.119208
0 0.476663 0.028256 0.210955 0.056512
0 0.956804 0.631651 0.086392 0.236825
0 0.544858 0.704987 0.233039 0.185604
